0.03563491827421772 0
0.20921169278533958 0
0.29519397727023067 0
0.3835651479628629 0
0.44667445208156364 0
0.5204363609249888 0
0.5621469782779727 1
0.5739618931334058 0
0.6403368599112023 0
0.6463425249027334 0
0.6703612957836522 0
0.7021496406573887 0
0.7490961455901359 0
0.7772632699287932 0
0.8089477620821584 0
0.8129294057921417 0
0.8189539454825863 0
0.8477172586969396 0
0.8555297391020295 0
0.8805190518889836 0
0.881663453892925 0
0.8900513139061463 0
0.9204060964426138 0
0.9252863651753042 0
0.9817871383770299 0
0.9986082547759819 0
1.0003632025971987 0
1.0020848955766786 0
1.0480234318600894 0
1.0519258158629299 0
1.0564966042411958 0
1.0665334206878392 0
1.0784784737319417 0
1.0926231899161545 0
1.122548781950311 0
1.1308141437928103 0
1.1349614611290129 0
1.1464358563113455 0
1.15331590726628 0
1.2166564052580686 0
1.2248673016466507 0
1.2446330087419886 0
1.2668490219383268 0
1.268468844431248 0
1.2977046411028592 0
1.3976105641927294 0
1.4340912651314643 1
1.443505002484737 0
1.4510405966734787 0
1.4636747842528175 0
1.4679732572960498 0
1.4940248157813005 1
1.4974495911620298 0
1.5162200603974227 0
1.5353749462540458 1
1.5361897875277162 0
1.5432866841226653 1
1.5800185287380122 1
1.594469438569723 0
1.5978388125145524 0
1.600415381343253 0
1.613662322325513 0
1.6246930998708635 0
1.6390609143737906 0
1.6462220364382367 0
1.6628654942226682 1
1.66999992543896 0
1.6721247521972027 1
1.6912429021881557 0
1.6988551839634054 0
1.7066515655515266 0
1.7276148953368424 0
1.7302436704792465 0
1.7365225058989537 1
1.748861522786708 0
1.758201833553641 1
1.8140148898847324 1
1.8144207581520724 1
1.824944775198206 0
1.825139585125885 0
1.827851234499727 0
1.8586028567620594 1
1.866664643491259 0
1.9217189034758084 0
1.9364045695536136 0
1.9554092362971498 0
1.95982446592464 0
1.9612713587805486 1
1.9630886235985912 0
1.9909166005954526 0
1.9984958391013299 1
2.010052106984735 1
2.040445011289436 1
2.0580808413265435 0
2.0640178233409627 0
2.080583688257021 1
2.0823014909084243 0
2.0949373414854593 0
2.1236661938754726 1
2.134966651398424 0
2.1406360832305937 1
2.146772314681513 1
2.160602514268514 1
2.174710824888034 0
2.1761315208760506 0
2.1917630957622056 1
2.193325206100956 0
2.2004266955563887 0
2.215060252355735 0
2.2339321783040607 0
2.2435487244886803 1
2.254766829387104 0
2.2632329992320543 1
2.2692517068453526 0
2.272464621486375 0
2.288174411458544 1
2.3205125042206562 1
2.3427624667188183 0
2.3623951938603316 1
2.3748435036455757 0
2.381902197030238 1
2.4004360598690035 1
2.4274734808973437 1
2.4729335291390373 0
2.493949802520503 1
2.5827726895788317 1
2.583445350990341 1
2.58627226431348 0
2.5928219302491486 1
2.6016050539032545 1
2.6494785223492388 1
2.6713112748658316 1
2.671900251477836 0
2.707646502855382 1
2.713077556978428 1
2.773630589823562 1
2.783264043936149 1
2.785044554822249 1
2.7908953585984992 1
2.808947347190318 1
2.8345595407650874 1
2.8361705751453776 1
2.850291254631103 1
2.8627040824130057 1
2.867801143927661 0
2.883202670112073 1
2.900693112526078 0
2.949726032185265 0
2.9562623316917636 1
2.984934720345926 0
2.985521638100886 1
3.00445272779904 1
3.01305594609403 0
3.0237895529770635 1
3.0792984913728483 1
3.0911909434924034 1
3.1043524284925224 1
3.1084734858046312 1
3.126857039823901 1
3.19445011369133 1
3.2056598973203654 1
3.2141858028111634 1
3.2217728615648364 1
3.228585311117297 1
3.239036981894385 1
3.241694747842067 1
3.2716335829566625 1
3.2721293171017853 1
3.2834453508637473 1
3.2926267902615667 1
3.293337301776535 1
3.312535647032199 1
3.3235602777988413 1
3.354113033188601 1
3.4119267490966374 1
3.4237027423061215 1
3.4694881722290343 1
3.514469015464118 1
3.5251233379702915 1
3.5553224151995995 1
3.6486368833308496 1
3.6760240783403333 1
3.7048263438976825 1
3.7498321929227876 1
3.7979891797481296 1
3.866600359388375 1
4.025038462414923 1
4.101976607468529 1
4.123168887724091 1
4.182311271288682 1
4.2689712784743685 1
4.317837274260588 1
4.349433909724217 1
4.440352788314691 1
4.559688757396672 1
4.593623782735754 1
4.623823387054904 1
4.713932612741958 1
4.760648051120937 1
4.923597876536941 1
