-0.1520131407902836 1
-0.14062526014382892 0
0.07133094471683799 0
0.13180595261037353 0
0.16003545612989634 0
0.19439309850249398 1
0.31066989827368763 0
0.398767579861529 0
0.4344637116410538 0
0.4985751728277631 0
0.5184677019268202 0
0.5797619413205791 0
0.6122110121833666 1
0.6371620899263872 0
0.6416706044334464 0
0.6725969921416581 0
0.6913577166367881 0
0.7276971851570914 0
0.7488128238626408 1
0.7653001035115323 0
0.769310516361922 0
0.8014297823994297 0
0.8089359678062144 0
0.8323215010835808 0
0.8706177854291484 0
0.8725137347029108 0
0.9203516284706201 1
0.9489202753162936 0
0.9738510294653866 0
0.9826341611611489 1
0.9836295625458423 0
1.0028831179516107 0
1.0126172006670862 1
1.0440891141891295 0
1.0531995178628484 1
1.0657737542254486 0
1.0953486759916646 0
1.113066245577397 0
1.1292176154592795 1
1.1610541704212594 0
1.1680102290494474 0
1.1933856524183895 0
1.2041876041877335 0
1.2313659308601355 0
1.23193920736576 0
1.291821445615952 0
1.3456682361691024 0
1.3530497560594061 1
1.3663955081884134 0
1.38468678993953 0
1.4019561740606934 0
1.4246919175023782 0
1.4611305919059934 1
1.461872748566039 0
1.477186414984823 0
1.4918887066017914 0
1.50051598344311 0
1.5165373539957057 0
1.5220059070003644 0
1.566668016251982 0
1.5787853823241405 0
1.6012653560678947 0
1.6189177103335262 0
1.6459135044223863 0
1.6648750560631322 0
1.666587412581763 0
1.6866906980284035 0
1.6973541535152865 0
1.7376217217496572 1
1.765001890950868 0
1.7657321940636266 0
1.7917473862198674 0
1.8069152541775817 0
1.8273349777168413 0
1.8507745784142364 1
1.8712800026826906 1
1.8768771699571456 0
1.894213032321634 0
1.9120317335105468 1
1.936945190363839 0
1.944183992997302 1
1.9777194480836684 1
1.9783419108730962 0
2.0014589541797028 0
2.0077875987263027 1
2.064178617506703 0
2.0961391554953095 1
2.099274928678712 1
2.101217566524732 0
2.1123363399016855 0
2.1148429249577645 0
2.114903511921766 0
2.125645415047815 0
2.1496669125774863 0
2.1552810706036207 0
2.1667992144132753 0
2.1702721844126094 0
2.1763483344048504 0
2.189289298477638 0
2.1971108618734188 1
2.21142189538771 0
2.232262266002025 1
2.2394564560623653 0
2.2872321515732486 0
2.288015344297865 0
2.298182741905779 1
2.309958143004089 1
2.314068196972577 0
2.324379766210528 0
2.3566526548338382 0
2.381890730970956 0
2.384786938554814 1
2.3892609625758117 0
2.456346404683313 1
2.484235185570526 1
2.4853417768695154 0
2.4992122982402973 1
2.502510127915813 0
2.536323341025871 0
2.5538326448842645 0
2.5562949119554728 1
2.600272902758525 0
2.6663585023950542 1
2.676255152165045 0
2.6783868206189623 1
2.7284383383225457 1
2.7867462717304026 0
2.806968196334332 1
2.8171523333691404 1
2.8197837578998497 0
2.822336183138703 1
2.828183338049628 0
2.828483937217832 1
2.8395413322628613 1
2.84779709093502 0
2.8782130664693 1
2.8832746144908272 1
2.8931911446624925 0
2.9137180846122512 0
2.9770272384626026 1
2.996351314097914 1
3.0402681595122845 1
3.0446147100372154 1
3.111540901670103 1
3.119000252880121 1
3.1543624247169424 1
3.173816888254176 1
3.183066383191899 1
3.2518437715868016 1
3.2725812163347143 1
3.273663743686303 1
3.2929954154486127 1
3.328060572346006 1
3.364306930141823 1
3.3793562582931544 1
3.4033678736726296 1
3.4404748817479236 1
3.4429487995359627 1
3.4699133679498275 1
3.4808192841503818 1
3.525782316913308 1
3.5669529770008053 1
3.5925626922247065 1
3.616389446960105 1
3.6403295912916214 1
3.699637526855839 1
3.7293014556609014 1
3.845435333200607 1
3.902218025632113 1
3.918365634131292 1
3.921218407422645 1
3.9262469002070604 1
3.9626750796080414 1
4.04274453101772 1
4.097161309051202 1
4.113534767611997 1
4.13336103223573 1
4.16339577406976 1
4.212728179540624 1
4.277085116136174 1
4.309099039541409 1
4.311617145214627 1
4.322392294568191 1
4.393575736202684 1
4.711568542242077 1
4.793447684869189 1
4.797773617471133 1
4.867429280761969 1
4.950822001799061 1
5.006068054091067 1
5.022764426248173 1
5.0322239982603225 1
5.315160114429336 1
5.459274192284882 1
5.466698039989744 1
5.570988045356222 1
5.753993806962058 1
5.854014651312376 1
7.446869494871977 1
7.543905793927751 1
