-0.24515354424608593 0
0.1147725531976902 0
0.233300389320235 0
0.2898210778037148 0
0.3039403974508925 0
0.3171940552117757 0
0.31866308434444246 0
0.3890164897618753 0
0.4120834888907431 0
0.4835271333265201 0
0.4938529130503616 0
0.5194230345941248 0
0.5839239267287102 0
0.6001660686695229 0
0.6581416158511263 0
0.6733057962379797 0
0.7608763968293408 0
0.7913388882801289 0
0.8166190061351992 0
0.8220206715992278 0
0.8266074653552697 0
0.8401935878894506 0
0.8405481623121581 0
0.8474176740700639 0
0.8888024486809138 0
0.946703747150442 0
1.0137776119976254 0
1.0716288363356745 0
1.0816178729186796 0
1.0861741599580248 0
1.091125353101707 0
1.0928355699927876 0
1.096671003903778 0
1.1147374381318154 0
1.1509210486176138 0
1.1670245623345594 0
1.1700902342929043 0
1.1815978185460825 0
1.211087690750265 0
1.2149654051211032 0
1.218462415428059 0
1.2200198204632118 0
1.225255454726714 0
1.233565640215865 0
1.2361483897685461 0
1.2794028384915221 0
1.2801783699313365 0
1.282654442255232 0
1.2847403279171001 0
1.2942807681175452 0
1.3132694131089315 0
1.3244099901284114 0
1.3394390932696518 0
1.3920749788606948 0
1.4058370719017117 0
1.4060874399726915 0
1.4300081541319332 0
1.4649667901807188 0
1.4770911218426532 0
1.4862216730192974 0
1.5107070802416789 0
1.5971361308078709 0
1.6273266317294872 0
1.6920148758902567 0
1.713124721765909 0
1.7161145424597075 0
1.7266857087259107 0
1.7323840724957722 0
1.7478455268162012 0
1.7833779226038449 0
1.836366309732674 0
1.850721859617045 0
1.896742692023092 0
1.963709503359775 0
1.9722125233272894 0
2.1433491086161363 0
2.157495439787091 0
2.1620061759386413 0
2.2636060220623944 0
2.2659321632040967 0
2.3723565565544753 0
2.518968279291073 0
2.5693943980645324 0
2.5802505951704098 0
2.6409565220769515 0
2.6583968824122017 0
2.6832157833004575 0
2.743028492832419 1
2.800448747778426 1
2.8036864048722636 1
2.829522928392886 1
2.8306555063207113 1
2.835002587477914 1
2.861180946954869 1
2.877183384828679 1
2.8774557701475425 1
2.8862211469962102 1
2.8873030711893657 1
2.8931026185265227 1
2.8996555602816745 1
2.903584584147647 1
2.908135309141325 1
2.908581774966721 1
2.910808154906068 1
2.9118608527596397 0
2.9123915607603674 1
2.9220405962892393 1
2.925768225253544 1
2.93616686907069 1
2.9387100963331565 1
2.9445850123601516 1
2.9463752920394715 1
2.9467583095415963 1
2.9469854946712717 1
2.9475384042303454 0
2.9477133165045752 1
2.9492771572413434 1
2.953617195002241 1
2.9544332975719962 1
2.954742908994092 0
2.954787926589644 1
2.9554167802967313 1
2.957229742494794 1
2.9593385767165996 1
2.9601996585659553 1
2.962493921821 1
2.9720465185329012 1
2.9724740343352636 1
2.9733721049003203 1
2.9768104891427583 1
2.981050134791313 1
2.9814162013701275 1
2.9817337728699735 1
2.986684941410628 1
2.9889717371532414 1
2.9909849451505033 1
2.991562914101695 1
2.995329769802928 1
2.9963116412380035 1
2.998066484620892 1
3.0044192894628816 1
3.01055124684107 1
3.0115691268984577 1
3.0116506095550055 1
3.0129731360996614 1
3.0131529023710804 1
3.0133453111923765 1
3.01403283187919 1
3.025437348263242 1
3.0262309862627657 1
3.028278615012445 1
3.0282839529029704 1
3.0303811306392596 1
3.038380015613336 0
3.0387964411565527 1
3.040738711290544 1
3.0433911332820034 1
3.0510417602014956 1
3.054975357039501 1
3.0549767544753665 1
3.057327789321868 1
3.0586418985031836 1
3.058817532111234 1
3.0619203348903477 1
3.065916026673798 1
3.07043924004867 1
3.0725814647067926 1
3.0738255958402796 1
3.074221499851294 1
3.075157862073267 1
3.075184767029373 1
3.0777972658224373 0
3.077895979276673 1
3.0893650183229333 1
3.09705121835903 1
3.098870580840839 1
3.1006261903256074 1
3.105392765838425 1
3.106105204160242 1
3.107022849700377 1
3.1088870366801507 1
3.1108402738815144 1
3.113117552631617 1
3.1170296754056133 1
3.1179698220458287 1
3.1210317533222947 0
3.136342087614442 1
3.152648870426958 1
3.1564585866015324 1
3.1614537459800944 1
3.1643520014907764 1
3.204896582185459 1
3.2261273957775938 1
3.243428097356599 0
3.2740473392312417 0
3.297628661688595 0
3.3700308228824825 0
3.4832817279479094 0
3.6307823092393647 0
3.917303618769743 0
