-1.3135470936365161 1
-0.7165565434562349 1
-0.6665469633583103 0
-0.1594820426030541 0
0.14628175109165475 1
0.16857619671881485 1
0.30574058849885366 0
0.3151777282155618 0
0.36761968763227115 0
0.3705370855845098 1
0.3799740095084989 0
0.4155073988863597 0
0.41901361663465053 1
0.4475583879633538 1
0.5195798542231955 1
0.5414885440306256 0
0.556448152632488 1
0.55765322208932 1
0.5591017901049817 0
0.566827259495915 0
0.5904693886474153 1
0.5967707116297145 1
0.63466533862369 0
0.6682723892078455 1
0.673306585024072 0
0.6868894054923302 1
0.6923552447909245 0
0.7036425161392694 0
0.7097559555081817 0
0.7344069207005779 1
0.7704590012884083 1
0.7825084365543975 0
0.7856515978466643 0
0.801588943186941 0
0.8053641317683378 0
0.8392461321065814 1
0.8561806705300725 1
0.8849971443200069 0
0.9049933954262428 0
0.9085919193202336 1
0.9121991192520266 0
0.9161047533363535 0
0.9310174030217098 0
0.9430032903492442 0
0.9435550872168277 0
0.9729658936739831 0
1.0034429579185318 1
1.005975827875931 0
1.0073427708944072 0
1.020492856352577 0
1.0364521837241036 0
1.0373156338652416 0
1.086157516556087 0
1.1018117667321587 0
1.1081532053062928 0
1.116662043718964 0
1.1341293909893908 0
1.1547330877509379 1
1.1566101481054145 1
1.1684039576649923 1
1.196283071907943 0
1.2080598151828776 0
1.2212794060405445 0
1.2670701075498088 0
1.2702093307141111 0
1.2750519858767022 0
1.2857473824643515 0
1.297192888835631 0
1.3230345517605808 0
1.3585735274676587 1
1.3639906719302148 0
1.390665990788058 1
1.3928423842335609 0
1.396379656438635 0
1.3992218878975649 1
1.4448497797555104 1
1.4525799073463908 0
1.4704731479047202 1
1.4900961729458997 0
1.4969396957800634 1
1.5429279561453164 0
1.5491320458705136 0
1.5530760649133173 0
1.5729921553680704 0
1.5767960247399362 0
1.583604258198046 0
1.5995292167633437 0
1.6000861497894578 0
1.6202266119022097 0
1.6512610805543027 0
1.6780298468567385 0
1.6830895158578505 1
1.6918463112138054 1
1.6926451930442288 1
1.7116741089220404 0
1.7216191296595234 1
1.7493084140307529 0
1.8150746108663998 0
1.843908920394326 0
1.8653519801873208 1
1.8653849620645397 0
1.86990568892641 0
1.9078262712425316 0
1.908580797524615 0
1.9421624448015709 1
1.9685820854068155 1
1.9734887478770065 0
2.0154370848103804 1
2.029523331174175 1
2.0443841211961087 0
2.0555684021685536 0
2.057397450955496 0
2.058130700274111 1
2.0823761046691596 1
2.098038533724616 0
2.1824272725425318 0
2.2107590024721975 0
2.23169381268549 1
2.2325978431589677 1
2.246368323989916 0
2.256018359589167 0
2.3264497378379994 0
2.348028103142804 0
2.370999980209638 1
2.4682330198384674 1
2.4767874222577797 0
2.4971511494108736 0
2.5231228743199536 1
2.5336929612414565 0
2.585509149938995 0
2.5873170364913998 1
2.6611722519965006 1
2.6799628214031213 0
2.7156724056581196 0
2.718758163786598 1
2.739761820301865 1
2.7416008503038607 1
2.762850256104937 1
2.7756638571488845 0
2.808531347233081 1
2.815075394978511 0
2.848627566957169 1
2.8587370519551403 1
2.8620957302293553 0
2.8626176962586802 1
2.86855779590134 0
2.8737986821830424 1
2.877330855483892 1
2.910179235279604 0
2.9143827606250237 1
2.9361657441136124 1
2.942178540262201 1
2.9574503529586433 1
2.9760371848374154 0
2.978863940935348 1
3.016521702174547 0
3.0950317757745647 1
3.130408323215296 1
3.1382281644196093 1
3.1505601570844783 1
3.16449988532571 0
3.176200770411099 1
3.2485153392883417 1
3.2715873789172236 1
3.2799786152492603 1
3.374602078100948 1
3.432808323051759 1
3.4527266380934725 1
3.5603968364746383 1
3.593926388756327 1
3.6041218260392855 1
3.652028653695231 1
3.7345330925743063 0
3.743268795733016 1
3.8258300975913606 1
3.9742191729652037 0
4.001355908243301 1
4.050256598216015 1
4.160412498882887 1
4.32343916380223 1
4.502262945097607 1
4.519845146692646 0
4.529919424233817 1
4.594048158449752 1
4.596781761882798 1
4.625819932324697 0
4.702916242192017 0
4.804520401104023 1
4.830041414027076 1
4.891195227697506 1
5.0072055750441145 1
5.041852368605747 1
5.157143454847326 1
5.319388524290458 1
5.364113350233701 1
5.639400605544209 1
5.6717615818624365 1
6.144454030960139 1
6.275427009196027 1
7.219100252207879 1
