-0.24410804293083 0
0.04779647310794499 0
0.16416125879947718 0
0.21011670672150484 0
0.22001759096307916 0
0.3029898998608884 0
0.3046778128494333 0
0.3244948598894264 0
0.35442787666288056 0
0.37481388364295865 0
0.39001115830428823 0
0.43905641011258645 0
0.46642741510318453 0
0.4824486997851719 0
0.5375953846634288 0
0.5406657451286998 0
0.5825511263965611 0
0.6798503932840279 0
0.6849586146034234 0
0.6974905656403863 0
0.8035414952308559 0
0.8515856299586384 0
0.8654096722498612 0
0.8706504745127083 0
0.9068372125348155 0
0.9170642312638242 0
0.9752427907412946 0
0.9980707393827439 0
1.0100926665255197 0
1.0731149167170513 0
1.075526831318455 0
1.1207502667811267 0
1.1246029034965568 0
1.1424796366349639 0
1.1763313847104384 0
1.22194535634481 0
1.2340676996984328 0
1.2470320346690529 0
1.2776325573673932 0
1.277694222392169 0
1.3167246603487346 0
1.3244996698781986 0
1.3370332490281809 0
1.3489166694850532 0
1.351172282132471 0
1.381476828044185 0
1.4182735817133127 0
1.4191413992228195 0
1.4507964727427678 0
1.467238795330314 0
1.4974014973634118 0
1.5568023291737925 0
1.5578262737279318 0
1.5817142938095483 0
1.6335065043053294 0
1.6526870240855656 0
1.6568341042842003 0
1.6582828412578299 0
1.6799441881381942 0
1.729891618600686 0
1.738658841695925 0
1.768986865012892 0
1.7700468102114153 0
1.783495901713402 0
1.7903677932677189 0
1.8012729699203343 0
1.8207979720876752 0
1.8254157829242728 0
1.8511252507248102 0
1.8546940585442622 0
1.8637336827690558 0
1.8754012003621525 0
1.9311351937391061 0
1.9557772175494865 0
1.958686130328448 0
1.96554587696155 0
1.981067612961821 0
2.011142561754141 0
2.012544182690923 0
2.031800847500075 0
2.1289884444524505 0
2.1445224587963416 0
2.1781198018808703 0
2.19485257109184 0
2.211522446659361 0
2.2473981923890123 0
2.2766693384897763 0
2.2950695073327148 0
2.338440677522443 0
2.3463008613152567 0
2.3594276935878518 0
2.365637601166993 0
2.413190601094082 0
2.4772058452182946 0
2.488393099411425 0
2.489199671040815 0
2.659373011603582 0
2.6861004621917512 1
2.71665234951353 0
2.7612927462296852 1
2.780021737198475 1
2.8016053966857584 0
2.8083823659059117 1
2.8134389964513877 1
2.815830222799531 1
2.8273609943487457 1
2.849302712531895 1
2.8500534629970327 1
2.8525661874198267 1
2.86642395928086 1
2.871735879148485 1
2.8873273477826547 1
2.8982182808620363 1
2.8996890802751283 1
2.901512785026668 1
2.9026910252327527 1
2.9098306472147413 1
2.9176465682448294 1
2.921149811186603 1
2.9281988638598153 1
2.932746582636561 1
2.9341560540428504 1
2.934322472462738 1
2.9344304002699046 1
2.937131317993966 1
2.9375781673976618 1
2.9390376319686173 1
2.9428358916388837 1
2.9436302526845046 1
2.9445808724100897 1
2.9472863999334615 1
2.949586661713114 1
2.9539822771741813 1
2.9612513770579567 1
2.963475427906003 1
2.964479280236074 1
2.966028546864933 1
2.9671344301824707 1
2.9674411112260857 1
2.9891974541192083 1
2.993375305514638 1
2.997402549611208 1
2.9985921545704657 1
2.99894368845575 1
3.0020418307627303 1
3.0072035155082766 1
3.007638865392361 1
3.007850135517765 1
3.0083039443937056 1
3.010692991417592 1
3.0112202750587707 1
3.015329141623975 1
3.018065578003588 1
3.0198224886271237 1
3.019826959131842 1
3.022028836217366 1
3.028540322700226 1
3.0335561556463713 1
3.0339895604753355 1
3.0342732376989785 1
3.0376751066575682 1
3.0387344530466893 1
3.0449680426071595 1
3.0459556802515486 1
3.0469666751826994 1
3.052729106897506 1
3.0556182012345214 1
3.0631379234576674 1
3.065617240936183 1
3.068576758649657 1
3.070044563258311 1
3.075725490833484 1
3.0761793300286775 1
3.0779640961475674 1
3.0824635712307322 1
3.0880920847764783 1
3.097324847202993 1
3.100431443902053 1
3.1072525451533117 1
3.111666654801864 1
3.112447214715236 1
3.1159779480080636 1
3.120779390512558 1
3.1217154535722655 1
3.12380113971877 1
3.1268119641881333 1
3.1412127170714887 1
3.1451600408798455 1
3.1484188275071405 1
3.1502671500579638 1
3.152114341040485 0
3.1762071439388007 1
3.181155000069269 1
3.1821990498072785 1
3.1923224597581967 1
3.199655507901888 1
3.204338859565592 1
3.217603136089676 1
3.2317141233582674 1
3.245900094409855 1
