-0.47370713845431633 0
0.04674417714871437 0
0.1347169607292309 0
0.19358963117511396 0
0.2592833879840233 0
0.3747390186082026 0
0.3754658303782441 0
0.48697658850501047 0
0.5568860082920907 0
0.5883715917328616 0
0.6104343515779926 0
0.6969891292190001 0
0.7146391750160039 0
0.7156518464904147 0
0.7628483617008454 0
0.777785905695737 0
0.8015447226950123 0
0.8283655968044297 0
0.8304105955845188 0
0.9006187793118572 0
0.9072798415429755 0
1.0029949427897837 0
1.0100890593336225 0
1.0156045399477862 0
1.0236550286997994 0
1.0559938131418636 0
1.0722315200987966 0
1.1318970805519617 0
1.1350234796691065 0
1.1719231533454606 0
1.2011789724413733 0
1.2092579108668993 0
1.2120741420432066 0
1.2204701073110342 0
1.225552995511857 0
1.2637493430088402 0
1.2664004327631426 0
1.2666776019790174 0
1.3025625449983074 0
1.3177747284276011 0
1.3181006717890156 0
1.3225903518598823 0
1.3498631114972817 0
1.3827845296524648 0
1.3958280685047544 0
1.4193358522692836 0
1.4302213503671024 0
1.4410097201218321 0
1.4623900699943788 0
1.4783983925202409 0
1.4803262301743394 0
1.5344170621187578 0
1.5418118161865046 0
1.5758506013742957 0
1.6314600285469552 0
1.6475094548838076 0
1.6902681625288132 0
1.6998053043128767 0
1.7062149175138712 0
1.7156300987198951 0
1.7222032041266415 0
1.7717781127926944 0
1.7881560897989344 0
1.8311683843205946 0
1.8594499475650754 0
1.935274047464762 0
1.967530849348267 0
1.9884177246914347 1
1.9986904205423714 0
2.0374347019070203 0
2.05189962749963 0
2.0578178654711325 0
2.0635109133483165 0
2.0761893924211856 1
2.1159899231925916 0
2.1176541372781954 0
2.1695279529266047 1
2.1734400033720926 0
2.205687269098579 1
2.221470100096617 0
2.2394613695729113 0
2.251038546097412 0
2.2518965584862536 0
2.2547894081696525 1
2.261598345871179 0
2.2678268242616317 1
2.3505290695506997 0
2.3716457674924714 0
2.3795629153841498 1
2.414363758079401 1
2.4151319224438597 0
2.4235108019448295 0
2.4661259239793796 0
2.469403855318628 1
2.5035591774600015 0
2.508764660739516 1
2.5209602252596 1
2.5309166336390283 0
2.53495500978236 1
2.548024046870234 1
2.567562305886236 0
2.5863206185994407 1
2.6263488867707934 1
2.6278706842725637 1
2.637972873464284 0
2.6630702431352766 1
2.6832302553206047 1
2.6844184730487117 1
2.6935870902140584 1
2.701812773568755 1
2.7034312345536655 1
2.716611356512813 1
2.7646256816905512 1
2.7692586365937206 1
2.772843962210765 1
2.7806735928195536 0
2.784155584538439 1
2.7845895752635226 0
2.8120595481451622 1
2.8143247380456025 0
2.8246204781968913 1
2.830868022686837 1
2.8535320891604212 1
2.856993875992177 1
2.8597840712361013 0
2.8732833635901143 1
2.8760269482544927 0
2.8782101173487864 1
2.889829530793027 1
2.891335391180327 1
2.8918473361525674 0
2.907855252235456 1
2.9159213020716432 1
2.939530714031664 0
2.945322306981313 1
2.949415915123913 1
2.9504300886444605 1
2.9712996682822492 1
2.9751472688785627 1
2.9792429264566125 1
2.9957630369912454 1
3.000802756006402 1
3.031683031479446 1
3.0369807718824493 1
3.0492581445395173 1
3.077662720583541 0
3.0832142276129275 1
3.08824831712885 1
3.1017092937045057 1
3.105956428662157 1
3.111184946235179 1
3.119643204354138 1
3.135768400067912 1
3.1380474762605255 1
3.146753596343457 1
3.1568474966663267 1
3.167243662549217 1
3.170346011868295 1
3.1779946340360006 1
3.1824104089342566 1
3.187974847436074 1
3.2433183714768745 1
3.2686437839579474 1
3.298380873374771 1
3.2996671043311965 1
3.328231718029898 1
3.332845749917977 1
3.3359838678828435 1
3.3461259701029515 1
3.381024839253631 1
3.384468146391184 1
3.385991122283381 1
3.3946682493590217 1
3.399078972915957 1
3.404064414223084 0
3.4163060543843384 1
3.4414038311852417 1
3.4560990832840606 1
3.4582255103068045 1
3.4813161359117846 0
3.5078837059637897 1
3.5376870240163 1
3.5633384415123017 1
3.5636470348272926 1
3.5940315557560147 1
3.6294794339153005 0
3.638338427286133 1
3.667887200925753 1
3.670810283728205 1
3.690240418809384 1
3.6950533103453784 1
3.7701903227877223 1
3.7777013995674484 1
3.829386133588762 1
3.953862672311237 1
3.9570261609505817 1
3.987945173560547 1
3.9880321143906396 1
4.05063975959631 1
4.203130672869856 1
