-1.584448111502176 0
-0.588438476729829 0
-0.5398228908200791 0
-0.2778945588809778 0
-0.11536813686457315 0
-0.05594219669625011 0
0.011117582145040217 0
0.043442750798804 0
0.2866693464054775 0
0.29775862219075766 0
0.39270202097794205 0
0.40487294919199535 0
0.4559386481150147 0
0.48058121127681686 0
0.49553314568645024 0
0.5156453223107822 0
0.5527666014674654 0
0.6739697236394783 0
0.7145740340531483 0
0.727457089259396 0
0.7359672112299109 0
0.8243948634199083 0
0.8361313789619426 0
0.8386451713663182 0
0.84139206080162 0
0.8572470796079313 0
0.9047458989599879 0
0.9517308108592522 0
0.9556443439149569 0
0.9629765757674502 0
0.9639578816576492 0
0.9786178202671738 0
0.9886339950749887 0
0.996865073234315 0
1.0031059359989625 0
1.004771894129261 0
1.0390366618516045 0
1.1042280091212568 0
1.1056895964228282 0
1.112344889924376 0
1.1135414406527386 0
1.1378148970196316 0
1.1466286283703593 0
1.1765215774984814 0
1.199949340385818 0
1.2057182104749806 0
1.2585425305791298 0
1.2755888385959564 0
1.3003147793651944 0
1.3166053747877782 0
1.324616770200386 0
1.3260305865345796 0
1.327975744014911 0
1.3287524303243146 0
1.337228103709247 0
1.3615629107807679 0
1.4395130418757867 0
1.4713205420509563 0
1.5382639097889161 1
1.5448468000712339 0
1.5507200331270754 0
1.55662983254187 0
1.6011116218119508 0
1.6279661635684244 0
1.7032603606557877 0
1.7068588747308722 0
1.739987114712199 0
1.7483002659756979 0
1.77957070125012 0
1.8570186927542947 0
1.8862035936497688 0
1.902452788171003 0
1.9825344510968266 0
2.0642465804588013 1
2.0662742832659156 0
2.082173362015891 0
2.087516537360544 0
2.119466193608151 1
2.1507750423009186 1
2.1620924537715425 0
2.1840271707589247 1
2.187412289145608 1
2.200195085986206 1
2.276877531262986 1
2.279956572454529 1
2.2885400025253437 0
2.3028107133257656 1
2.3126364901093717 1
2.3166101891814344 1
2.371037559549086 0
2.387530709668022 1
2.4205615827911715 1
2.4689571185479897 1
2.4880944456730893 1
2.527184602170121 1
2.535455298623841 1
2.5399845475403233 1
2.6255359073076674 1
2.631972064787458 1
2.63423402148976 0
2.646048029584873 1
2.6504404202117504 1
2.6915760276041913 0
2.695986977878113 1
2.6970116632054038 1
2.710896920679196 1
2.7184465931216826 1
2.71944496429854 0
2.7207109056113614 0
2.7245834289067257 1
2.727990873286593 1
2.739407348615151 1
2.743298768567167 1
2.7440704124887594 1
2.7470627527148714 1
2.750325284168841 1
2.7751854245849983 1
2.7892848795840997 1
2.7949411264642743 0
2.805818508959119 1
2.8137827094002477 1
2.8138115033776314 1
2.8182107974119734 0
2.8232140700920634 0
2.8275005821939554 0
2.838619767657441 1
2.8388655322891516 0
2.8462742497358287 1
2.8537175836616044 1
2.8604620769790303 1
2.881215735282871 1
2.886571020048814 1
2.894815738203044 1
2.9084347090513116 1
2.9244991202257338 1
2.93492248835572 0
2.936719678558433 1
2.937725822822982 1
2.942852263084761 1
2.944538782507125 1
2.9508004953663836 1
2.9838613506941987 1
2.9946651781968345 1
3.0007969088530206 1
3.0093867446011924 1
3.020657253152783 1
3.02349734081662 1
3.0272974421534427 1
3.0304368504552364 1
3.042004069139218 1
3.060378672534308 1
3.0674287413774843 0
3.0679693241977595 0
3.0863164991708496 1
3.091943810653216 1
3.0937018865340375 1
3.107392001881335 1
3.1151199745646694 1
3.1268141080199956 1
3.1315862923352276 1
3.1324849529659953 1
3.1379682892284797 0
3.147832213398114 1
3.1610412297215973 0
3.1957252389339352 1
3.1974645614781605 1
3.2152456667330407 1
3.224351177264354 0
3.2574841636519007 1
3.2608090107019536 1
3.2884257152131298 1
3.294234726678458 1
3.297852941694069 1
3.3248414560423987 0
3.3263148852403983 1
3.336718946811053 0
3.3485993713441857 0
3.361189967796165 0
3.3657837473798744 1
3.4101080188574153 0
3.4237450119786694 1
3.4285779268823506 1
3.448369396901251 1
3.4632995046004584 0
3.483944440051893 1
3.492808280832228 1
3.5176579258036775 1
3.555683703045073 1
3.5597428018594703 1
3.577391996840986 1
3.6029602035270223 1
3.6914860585617943 1
3.705168372516072 1
3.706431395014075 1
3.728191696201515 1
3.7710665777624284 0
3.9121490688053604 1
4.017290283192012 1
4.054984440863881 1
4.397807536152076 1
