-0.3476553044066004 0
-0.3172975634400763 0
-0.03491423642168501 0
0.023812455475372585 0
0.1714336196503501 0
0.2099100071989497 0
0.3376465871928528 0
0.39561015156777934 0
0.40334759871328485 0
0.4215948690333414 0
0.45336868429729105 0
0.4869154960550618 0
0.5083367483776537 0
0.5187604449479994 0
0.5268257652025783 1
0.5306684186343394 0
0.5322666293799319 0
0.5332267441034231 0
0.5537622641217013 0
0.5551300905682356 0
0.5958170466819845 0
0.5969292541879572 0
0.6106561368952106 0
0.6422832951386681 0
0.7302174411404593 0
0.7495946043928632 0
0.7498638897491146 0
0.7633453307989929 0
0.7697429998344697 0
0.847228575473786 0
0.8660076414024237 0
0.8756314069963834 0
0.8853008091392139 0
0.9180321740248638 0
0.9319963832707983 0
0.9674107025030843 0
0.9896026818308473 0
0.99381844110329 0
1.024230830835784 0
1.0599049032795658 0
1.096195507995231 1
1.1074982860755336 0
1.1082506930570397 0
1.1495200276742612 0
1.153543814097007 0
1.1557725155787641 0
1.1638979769946276 0
1.1881024133687426 1
1.1891735037549023 0
1.1990849211923151 0
1.21406273128215 0
1.2659111684739948 0
1.2707546442738589 0
1.3198536537916923 0
1.3213300856858845 0
1.3467026044352686 0
1.362998627925973 0
1.4044362201699472 0
1.4353196586389347 0
1.438562724505174 0
1.4915653602758632 0
1.5327625109943186 0
1.5375604463566526 1
1.576418951173319 0
1.601371357613231 0
1.6418256493308516 0
1.6593327797005086 0
1.6876777084728773 0
1.6905872489052498 0
1.7231621280743192 1
1.7399787844627654 1
1.7463110406810012 0
1.7625424497811282 1
1.7677366513485528 0
1.7735202822010243 1
1.79206750404366 0
1.8066780942912877 0
1.8460262951769077 0
1.8469084262322788 0
1.8549176653148927 1
1.880167105184813 1
1.9249815722211603 1
1.9329367054524538 0
1.9414738392042803 0
1.9454267975128512 0
2.0060103548169965 1
2.0642205859818934 0
2.138284822106837 0
2.173919493110699 0
2.2068724412249345 1
2.2096500425031733 1
2.2137081824026286 1
2.214686854641568 1
2.2363756253085096 1
2.237932663175379 0
2.26626695971555 1
2.277335761383672 0
2.280341233364272 1
2.2991570300668682 1
2.3165313811624517 0
2.3255367083558065 1
2.3531273180338306 1
2.377460372629675 1
2.3794744840613 1
2.382836301420543 1
2.4006040368504133 1
2.406509852275126 0
2.429052098364716 1
2.449292227288661 0
2.4565048704707877 1
2.4982881102554244 1
2.5097176026822536 1
2.5447767962076133 0
2.5546068366895334 1
2.5885635182170135 1
2.605089930687143 1
2.6109272938566175 1
2.628235729442739 1
2.6433473072465 1
2.6600190923976252 1
2.679824393608654 0
2.687761869022135 1
2.7113589314464575 1
2.728072269672316 1
2.7638660321091986 1
2.7861979698830615 1
2.7916108459333446 1
2.8179388115425654 1
2.828601679944865 1
2.839090181093507 0
2.8428392142063394 1
2.8651278513185767 1
2.9112072701603666 0
2.9451189123443786 0
2.9458597344937205 1
2.9493645195201927 0
2.994072580672255 1
3.012925766264042 1
3.0608044037315163 1
3.0702951978230573 1
3.0858024932197288 1
3.0925201435794585 1
3.095783088643199 1
3.1194711999894773 1
3.1287480186402012 1
3.152407829600706 1
3.180093519744762 0
3.1872939845090844 1
3.188953049426695 1
3.19362657815233 0
3.2369099797386216 0
3.2468905354426383 0
3.2474275750301964 1
3.2694740815759906 1
3.2704437674254883 1
3.2776963845449814 0
3.278792222555548 0
3.29288240583065 1
3.3006857960451157 0
3.3193922714383532 1
3.4002489996457896 1
3.4022279163163556 1
3.4267818061065043 1
3.451139328509323 1
3.5082848576171393 0
3.5085665618231965 1
3.5219943908109865 0
3.541207970578858 1
3.5707868783218744 1
3.5842044984305224 1
3.5842277559665043 1
3.613591746513879 1
3.718419175418628 0
3.767893545073261 1
3.786965330019626 1
3.8050529673251203 1
3.8215292677128834 1
3.8220406062126515 1
3.8455017539141294 1
3.867334594100713 1
3.872796961556473 1
3.874282556366757 1
3.895080093667789 1
3.9296779850049806 0
4.027359929046888 1
4.053025724475748 1
4.1083748946302805 1
4.146413118624996 1
4.176097086061334 0
4.207767234808962 1
4.240420740329391 1
4.359436810940576 1
4.431474545466055 1
4.6131186475532235 1
4.798737395713319 1
4.88874399131272 1
5.045589247502824 1
5.294761198846222 1
5.334177675044318 1
6.212254012947827 1
